364965
365086
365095
365107
365126
365131
365167
365237
365253
365285
365293
365304
365305
365321
365332
365353
365380
365382
365392
365400
365433
365473
365490
365608
365613
365614
365630
365634
365653
365654
365655
365659
365661
365679
365694
365695
365842
365916
365920
365927
365934
365955
365987
365988
366016
366051
366057
366059
366065
366066
366082
366085
366087
366140
366204
366332
366344
366349
366350
366366
366384
366442
366464
366956
366960
366981
366985
366994
367000
367002
367006
367036
367042
367064
367078
367082
367094
367095
367117
367125
367216
367229
367274
367343
367346
367405
367427
367449
367472
367486
367487
367516
367518
367520
367536
367599
367610
367809
367926
368108
432476
432522
432525
432527
432533
432535
432537
432539
432540
432543
432544
432545
432547
432548
432588
432630
432715
432717
432719
432757
432780
432828
432892
432897
432911
432933
433106
433143
433160
433171
433199
1260367
1429458
1731039
1732041
2025490
2042561
2071243
2071677
2077848
2091236
2098373
2629861
3081634
3097499
3320811
3320840
3321847
3339754
3464423
3641571
3642286
3666514
3697109
3697112
3697119
3720354
3924268
3941786
4032856
4051041
4051058
4051059
4051060
4051061
4051062
4051078
4051093
4051134
4051135
4051204
4051206
4051212
4051215
4051216
4051242
4051261
4051320
4051365
4051373
4051385
4051400
4051440
4051546
4051634
4051649
4051651
4051654
4051745
4051790
4051791
4051875
4051984
4051993
4051998
4052056
4052081
4052087
4052088
4052113
4052166
4052215
4052216
4052220
4052225
4052234
4052236
4052239
4052295
4052319
4052326
4052337
4052361
4052362
4052480
4052627
4075543
4075547
4075551
4075604
4075687
4075825
4075852
4075906
4075962
4076185
4088196
4088436
4088441
4088573
4088606
4088674
4088811
4088840
4088852
4088853
4088870
4096947
4097279
4097296
4097424
4097428
4105399
4105457
6114446
6114447
6114448
6114449
6114450
6114451
6114452
6114510
6114512
6114730
6114805
6114806
6114858
6114869
6114935
6115290
6115363
6115718
6115737
6115753
6115775
6115854
6115872
6115924
6115963
6116004
6116024
6116037
6116060
6116062
6116067
6116068
6116086
6116087
6116104
6116183
6116339
6116354
6116355
6116414
6116433
6116530
6116563
6116640
6116660
6116666
6116694
6116712
6116780
6116781
6116795
6116806
6116807
6116815
6116817
6116900
6116910
6116912
6116929
6116939
6116956
6116997
6117000
6117056
6117101
6117126
6117191
6117216
6117217
6117238
6117239
6117263
6117266
6117268
6117298
6117413
6117602
6117606
6117607
6117760
6117781
6117796
6117797
6117835
6117836
6117931
6118094
6118133
6118134
6118144
6118152
6118153
6118160
6118161
6118162
6118172
6118173
6118174
6118176
6118178
6118179
6118180
6118182
6118201
6118203
6118213
6118226
6118228
6118232
6118521
6118522
6118658
6118659
6118821
6118959
6118981
6118982
6119050
6119271
6119423
6119638
6119707
6119734
6119745
6119748
6119943
6120107
6120128
6120208
6120277
6120278
6120320
6120323
6120350
6120469
6120470
6120508
6120595
6120814
6120815
6120821
6120838
6120908
6120922
6120926
6120954
6120965
6121019
6121046
6121049
6121319
6121320
6121330
6121404
6121499
6121500
6121541
6121542
6121601
6121602
6121676
6121982
6122043
6122259
6122260
6122269
6122429
6122456
6122471
6122773
6122774
6123169
6123170
6123187
6123425
6123438
6123464
6123536
6123537
6123576
6123580
6123581
6123648
6123649
6123950
6123951
6124139
6124159
6124259
6124392
6124569
6124570
6124693
6124751
6124899
6125188
6125189
6125222
6125352
6125353
6125365
6125366
6125368
6125549
6125550
6125581
6125594
6125988
6126020
6126085
6126289
6126442
6126658
6126788
6126789
6126809
6126810
6127186
6127278
6127358
6127359
6127577
6127611
6127615
6127656
6127672
6127674
6127694
6127698
6127763
6127764
6127927
6128045
6128105
6128166
6128167
6128189
6128190
6128196
6128209
6128210
6128237
6128266
6128271
6128277
6128279
6128311
6128315
6128316
6128325
6128334
6128373
6128415
6128424
6128513
6128541
6128576
6128593
6128647
6128660
6128704
6128708
6128712
6128724
6128746
6128757
6128855
6128858
6128890
6128973
6129026
6129087
6129145
6129736
6129799
6129800
6129803
6129804
6129806
6129807
6129867
6129988
6130086
6130120
6130121
6130123
6170509
6170533
6170534
6170574
6170629
6170650
6170652
6170690
6170691
6170795
6170796
6170800
6170801
6170822
6170823
6170840
6170842
6170843
6170844
6170921
6170926
6170928
6170997
6170998
6171023
6171074
6171080
6171112
6171115
6171139
6171148
6171149
6171168
6171169
6171170
6171172
6171228
6171229
6171232
6171235
6171270
6171271
6171299
6171300
6171320
6171340
6171341
6171343
6171352
6171364
6171368
6171387
6171430
6171438
6171440
6171462
6171465
6171472
6171473
6171488
6171499
6171502
6171537
6171549
6171573
6171575
6171580
6171581
6171584
6171594
6171620
6171636
6171638
6171650
6171660
6171662
6171666
6171714
6171715
6171719
6171735
6171750
6171754
6171762
6171765
6171767
6171777
6171780
6171783
6171784
6171785
6171786
6171803
6171887
6171908
6171909
6171912
6171913
6171926
6171952
6171974
6171984
6172006
6172007
6172008
6172009
6172066
6172076
6172077
6172081
6172084
6172090
6172103
6172105
6172116
6172127
6172154
6172159
6172207
6172221
6172268
6172269
6172323
6172329
6172356
6172359
6172360
6172376
6172380
6172383
6172389
6172390
6172395
6172405
6172426
6172435
6172450
6172452
6172458
6172468
6172470
6172497
6172498
6172502
6172510
6172517
6172534
6172535
6172539
6172552
6172555
6172556
6172557
6172559
6172560
6172580
6172581
6172592
6172601
6172603
6172614
6172615
6172619
6172622
6172629
6172630
6172632
6172633
6172642
6172674
6172677
6172678
6172694
6172707
6172708
6172734
6172761
6172762
6172768
6172769
6172793
6172795
6172822
6172826
6172827
6172843
6172863
6172869
6172871
6172873
6172876
6172918
6172941
6172989
6172993
6173004
6173010
6173011
6173019
6173022
6173048
6173049
6173052
6173055
6173059
6173064
6173067
6173072
6173082
6173102
6173108
6173120
6173121
6173122
6173141
6173143
6173149
6173152
6173159
6173161
6173173
6173174
6173176
6173177
6173190
6173193
6173194
6173195
6173198
6173199
6173222
6173223
6173231
6173232
6173235
6173237
6173240
6173242
6173262
6173285
6173291
6173292
6173295
6173301
6173304
6173306
6173336
6173337
6173341
6173347
6173371
6173374
6173403
6173409
6173410
6173421
6173441
6173445
6173465
6173466
6173472
6173475
6173476
6173477
6173478
6173493
6173494
6173524
6173528
6173541
6173577
6173578
6173608
6173626
6173630
6173632
6173633
6173644
6173674
6173694
6173770
6173794
6173800
6173804
6173822
6173824
6173835
6173836
6173848
6173858
6173859
6173861
6173862
6173909
6173921
6173927
6173941
6173985
6173986
6174002
6174024
6174027
6174047
6174077
6174078
6174081
6174082
6174088
6174184
6174185
6174223
6174224
6174233
6174248
6174249
6174250
6174251
6174253
6174257
6174259
6174262
6174266
6174267
6174268
6174274
6174275
6174280
6174281
6174282
6174285
6174289
6174293
6174294
6174296
6174297
6174300
6174316
6174317
6174321
6174323
6174324
6174327
6174332
6174333
6174336
6174338
6174340
6174345
6174346
6174378
6174383
6174398
6174401
6174418
6174420
6174450
6174482
6174483
6174516
6174521
6174523
6174540
6174541
6174552
6174553
6174554
6174556
6174567
6174577
6174607
6174608
6174609
6174643
6174644
6174654
6174659
6174661
6174668
6174670
6174719
6174779
6174784
6174786
6174925
6174947
6174953
6174954
6174965
6174966
6174980
6174986
6174987
6174994
6174997
6175073
6175075
6175107
6175108
6175162
6175175
6175176
6175182
6175187
6175191
6175192
6175301
6175347
6175348
6175389
6175402
6175416
6175420
6175434
6175435
6175476
6175477
6175500
6175551
6175601
6175660
6175662
6175776
6175820
6175821
6175822
6175824
6175827
6175828
6175844
6175846
6175848
6175849
6175863
6175906
6176036
6176071
6176072
6176095
6176122
6176146
6176147
6176148
6176149
6176152
6176156
6176157
6176166
6176193
6176296
6176298
6176305
6176326
6176355
6176358
6176359
6176376
6176378
6176384
6176429
6176443
6176446
6176456
6176463
6176479
6176485
6176545
6176548
6176582
6176585
6176597
6176598
6176599
6176610
6176611
6176613
6176617
6176628
6176631
6176644
6176646
6176677
6176679
6176685
6176696
6176701
6176702
6176722
6176727
6176756
6176758
6176769
6176774
6176808
6176824
6176868
6176870
6176916
6176917
6176918
6176919
6176973
6176989
6176991
6177004
6177015
6177035
6177057
6177060
6177242
6177403
6177408
6177453
6177461
6177591
6177612
6177614
6177634
6177635
6177713
6177714
6177779
6177782
6177783
6177784
6177840
6177841
6177854
6177859
6177865
6177867
6177923
6177925
6177993
6177994
6177997
6178185
6178240
6178241
6178388
6178411
6178482
6178483
6178523
6178665
6178678
6178721
6178819
6178820
6178841
6178983
6178984
6178986
6179024
6179039
6179040
6179043
6179044
6179045
6179050
6179187
6179196
6179292
6179362
6179363
6179401
6179403
6179411
6179412
6179428
6179429
6179430
6179605
6179623
6179624
6179626
6179627
6179669
6179711
6179842
6179844
6179909
6179957
6179963
6179974
6179980
6179992
6179996
6180034
6180069
6180070
6180156
6180215
6180226
6180231
6180232
6180263
6180270
6180273
6180279
6180314
6180328
6180329
6180330
6180354
6180358
6180394
6180495
6180496
6180524
6180527
6180535
6180558
6180559
6180572
6180573
6180589
6180635
6180644
6180659
6180660
6180704
6180751
6180782
6180879
6180903
6180904
6180911
6180917
6180919
6181004
6181031
6181034
6181040
6181045
6181077
6181079
6181172
6181174
6181207
6181217
6181219
6181250
6181259
6181303
6181321
6181323
6181344
6181345
6181347
6181348
6181450
6181453
6181454
6181508
6181509
6181510
6181511
6181634
6181680
6181682
6181721
6181722
6181731
6181735
6181750
6181751
6181752
6181787
6181808
6181810
6181812
6181834
6181879
6181901
6181906
6181907
6181908
6181931
6181945
6181961
6181963
6181975
6181984
6181985
6181993
6181998
6182012
6182014
6182034
6182039
6182040
6182041
6182042
6182061
6182062
6182075
6182082
6182083
6182084
6182089
6182092
6182102
6182113
6182114
6182115
6182124
6182127
6182128
6182132
6182136
6182138
6182139
6182177
6182197
6182212
6182213
6182251
6182252
6182259
6182268
6182286
6182344
6182356
6182377
6182380
6182384
6182402
6182405
6182408
6182432
6182441
6182443
6182447
6182464
6182470
6182474
6182475
6182480
6182490
6182497
6182504
6182541
6182546
6182562
6182566
6182578
6182579
6182590
6182593
6182598
6182605
6182607
6182618
6182622
6182636
6182649
6182717
6182767
6182797
6182799
6182802
6182803
6182804
6182863
6182985
6183004
6183053
6183062
6183106
6183109
6183165
6183256
6183334
6183381
6183382
6183385
6183389
6183391
6183405
6183406
6183427
6183537
6183538
6183599
6183638
6183641
6183657
6183659
6183680
6183685
8441115
8442558
8442586
8442587
8442639
8442642
8442646
8442657
8443375
8443504
8443508
8443509
8443512
8443513
8443516
8443517
8444059
8458254
8458313
8458370
8458407
8458436
8458633
8458650
8458687
8458729
8458773
8458776
8458778
8458824
8458911
8458917
8458940
8459732
8459760
8459762
8459765
8459769
8459812
8459816
8459818
8459846
8459850
8459895
8459899
8459929
8459947
8460589
8460769
8460884
8460906
8460907
8460908
8460910
8460911
8460920
8460971
8460972
8460981
8460982
8461003
8461004
8461131
8461132
8461160
8461210
8461211
8461226
8461227
8461228
8461247
8461278
8461279
8461440
8461450
8461458
8461459
8461461
8461466
8461472
8461477
8461480
8461483
8461487
8461490
8461495
8462714
8462789
8462875
8462881
8462910
8462926
8462956
8462962
8463089
8463245
8463250
8463251
8463257
8463316
8463372
8463373
8463618
8463619
8463622
8463623
8466675
8466686
8467399
8469969
8506415
8507840
8513546
8513547
8513548
8513549
8513550
8513551
8513552
8513553
8513554
8513555
8513556
8513557
8513558
8513559
8513560
8513561
8513562
8513563
8513564
8513565
8513566
8513567
8513568
8513569
8513570
8513571
8513572
8513573
8513574
8513575
8513576
8513577
8513578
8513579
8513580
8513581
8513582
8513583
8513584
8513585
8513586
8513587
8513588
8513589
8513590
8513591
8513592
8513593
8513594
8513595
8513596
8513597
8513598
8513599
8513600
8513601
8513602
8513603
8513604
8513605
8513606
8513607
8513608
8513609
8513610
8513611
8513612
8513613
8513614
8513615
8513616
8513617
8513618
8513619
8513620
8513658
8513659
8513660
8513661
8513662
8513663
8513664
8513665
8513666
8513667
8513668
8513669
8513670
8513671
8513672
8513673
8513674
8513675
8513676
8513677
8513678
8513679
8513680
8513681
8513682
8513683
8513684
8513685
8513686
8513687
8513688
8513689
8513697
8513698
8513709
8513713
8513714
8513715
8513716
8513717
8513718
8513719
8513720
8513721
8513722
8513723
8513724
8513725
8513726
8513727
8513728
8513729
8513730
8513731
8513732
8513733
8513734
8513735
8513736
8513737
8513738
8513739
8513740
8513741
8513742
8513743
8513744
8513745
8513746
8513747
8513748
8513749
8513750
8513751
8513752
8513753
8513754
8513755
8513756
8513757
8513758
8513759
8513760
8513761
8513762
8513763
8513764
8513765
8513766
8513767
8513768
8513769
8513770
8513771
8513772
8513773
8513774
8513775
8513776
8513777
8513778
8513779
8513780
8513781
8513782
8513783
8513784
8513785
8513786
8513787
8513788
8519216
8522472
8529753
8530785
8531018
8531368
8531699
8531754
8533202
8533249
8533250
8533280
8533281
8533282
8533327
8533329
8533346
8533348
8533398
8533401
8533403
8545228
8546504
8546712
8546717
8546762
8546811
8546975
8547210
8547784
8547990
8548725
8548817
8549360
8549380
8549381
8549382
8549383
8549384
8549385
8549390
8549409
8549411
8549419
8549421
8549425
8549436
8549625
8549630
8549645
8549646
8549650
8549694
8549717
8549726
8549740
8549747
8549749
8549758
8549763
8549784
8549786
8551323
8551517
8551564
8551565
8552366